Vector_Gz[0][0]= 0.002686
Vector_Gz[1][0]= -0.000000
Vector_Gz[2][0]= 1707.131
Vector_Gz[0][1]= 0.002622
Vector_Gz[1][1]= -0.000000
Vector_Gz[2][1]= 1707.131
Vector_Gz[0][2]= 0.002686
Vector_Gz[1][2]= -0.000000
Vector_Gz[2][2]= 1707.131
Vector_Gz[0][3]= 0.002782
Vector_Gz[1][3]= -0.000000
Vector_Gz[2][3]= 1707.131
Vector_Gz[0][4]= 0.002871
Vector_Gz[1][4]= -0.000000
Vector_Gz[2][4]= 1707.131
Vector_Gz[0][5]= 0.002931
Vector_Gz[1][5]= -0.000000
Vector_Gz[2][5]= 1707.131
Vector_Gz[0][6]= 0.002970
Vector_Gz[1][6]= -0.000000
Vector_Gz[2][6]= 1707.131
Vector_Gz[0][7]= 0.002844
Vector_Gz[1][7]= -0.000000
Vector_Gz[2][7]= 1707.131
Vector_Gz[0][8]= 0.002630
Vector_Gz[1][8]= -0.000000
Vector_Gz[2][8]= 1707.131
Vector_Gz[0][9]= 0.002664
Vector_Gz[1][9]= -0.000000
Vector_Gz[2][9]= 1707.131
Vector_Gz[0][10]= 0.002730
Vector_Gz[1][10]= -0.000000
Vector_Gz[2][10]= 1707.131
Vector_Gz[0][11]= 0.002830
Vector_Gz[1][11]= -0.000000
Vector_Gz[2][11]= 1707.131
Vector_Gz[0][12]= 0.002917
Vector_Gz[1][12]= -0.000000
Vector_Gz[2][12]= 1707.131
Vector_Gz[0][13]= 0.002985
Vector_Gz[1][13]= -0.000000
Vector_Gz[2][13]= 1707.131
Vector_Gz[0][14]= 0.002922
Vector_Gz[1][14]= -0.000000
Vector_Gz[2][14]= 1707.131
